NumDistr= 2
Order=  A C D E F G H I K L M N P Q R S T V W Y
Number= 0
Mixture= 0.056591
Alpha= 1.35583 0.021465 0.0103 0.011741 0.010883 0.385651 0.016416 0.076196 0.035329 0.013921 0.093517 0.022034 0.028593 0.013086 0.023011 0.018866 0.029156 0.018153 0.0361 0.07177 0.419641
Comment= Y , F W , H ,>< L M , N Q I C V S R , T P A K D G E
Number= 1
Mixture= 0.0682132
Alpha= 4.98768 0.452171 0.114613 0.06246 0.115702 0.284246 0.140204 0.100358 0.55023 0.143995 0.700649 0.27658 0.118569 0.09747 0.126673 0.143634 0.278983 0.358482 0.66175 0.061533 0.199373
Comment= M , V I L F T Y C A >< W S H Q R N K , P E G , D
